  23.90 
  73.33 
  22.68 
  37.85 
  12.99 
  13.17 
  16.08 
  86.61 
  15.26 
  12.52 
  35.66 
  11.25 
  11.15 
  14.76 
  10.30 
   7.94 
   7.61 
  11.92 
  10.43 
  10.96 
   2.65 
   6.39 
   2.62 
   5.83 
   6.66 
   2.40 
   0.03 
   0.54 
   0.56 
 142.84 
  37.61 
  38.26 
  38.02 
  37.99 
  37.62 
  37.93 
   5.46 
   5.98 
   5.50 
   5.69 
   5.44 
   5.73 
   9.11 
  11.56 
  11.05 
   9.32 
  11.50 
  10.83 
   9.17 
   6.27 
   4.86 
   4.86 
  64.87 
  21.42 
  24.47 
  21.34 
  21.30 
  24.40 
  21.29 
   1.57 
  11.08 
  13.01 
  17.84 
  17.17 
  17.77 
  16.56 
  19.62 
  14.65 
  58.48 
  48.56 
  33.41 
   5.51 
  90.76 
  20.72 
  15.47 
  14.17 
  15.19 
 204.67 
  48.31 
   6.80 
  58.68 
  17.64 
   3.99 
  21.41 
   6.40 
  45.49 
  17.01 
  19.98 
  46.00 
   7.25 
  22.32 
   1.65 
   1.36 
   4.05 
   6.60 
  59.56 
  59.62 
   1.23 
  84.18 
  78.88 
  72.12 
   7.64 
   2.73 
  26.11 
   3.81 
   9.08 
  58.06 
 107.23 
 138.28 
  43.50 
  72.23 
  34.11 
 124.74 
  42.41 
  51.58 
  28.11 
  59.79 
  27.44 
  48.54 
  11.33 
  35.44 
  14.14 
  42.88 
   7.69 
  25.44 
   3.47 
  13.86 
   4.56 
  37.45 
  15.38 
  19.34 
   5.76 
   0.38 
  84.19 
  83.39 
 321.57 
 320.87 
 108.28 
 107.64 
   4.07 
   3.98 
 189.06 
 215.87 
 217.00 
 216.12 
  20.33 
  20.37 
  65.88 
  65.84 
  58.06 
  57.99 
  64.25 
  64.16 
  39.77 
  39.55 
  31.41 
  31.20 
  35.17 
  35.10 
  43.57 
  65.20 
  39.27 
  32.54 
  22.31 
  36.55 
  31.39 
  32.07 
  23.43 
  11.83 
   5.72 
   9.56 
   5.15 
   7.65 
   4.37 
   8.56 
   3.63 
   6.21 
   2.97 
   0.10 
  15.86 
   8.12 
  45.53 
  45.49 
  18.80 
  21.69 
  21.67 
  12.05 
  12.05 
  23.95 
  10.35 
   6.30 
  10.00 
   6.85 
   6.82 
 441.81 
 117.68 
 1731.94
 252.61 
 251.42 
 1697.48
 2030.70
 315.32 
 332.98 
 1774.44
  77.33 
   6.52 
   6.52 
  56.68 
   2.63 
   2.73 
   2.65 
   0.30 
   0.31 
   0.31 
  23.68 
  15.12 
   8.93 
  40.43 
  33.40 
  21.81 
   6.21 
 215.69 
  35.35 
  35.21 
  90.75 
  35.30 
  35.24 
  19.41 
  14.33 
  17.91 
   5.20 
   0.03 
  14.82 
   2.08 
   0.08 
  15.19 
   8.52 
  13.21 
  18.94 
  18.95 
  16.64 
  25.61 
 136.12 
   0.02 
  15.74 
   8.46 
  13.68 
  19.41 
  19.42 
  16.89 
  26.69 
 141.14 
  10.67 
  10.92 
  14.49 
  14.34 
  42.30 
  80.44 
 276.81 
 255.36 
  72.69 
  95.75 
  33.94 
  15.47 
  24.43 
  40.67 
  50.75 
 376.66 
 180.44 
  60.39 
  19.15 
  60.99 
  86.02 
  19.11 
 148.90 
 146.44 
 147.32 
 145.77 
   1.20 
   9.16 
  60.57 
  21.12 
   7.91 
  10.22 
  10.71 
  11.22 
   9.15 
  15.65 
  23.67 
  24.20 
  22.11 
   9.25 
  10.20 
  10.72 
   8.66 
   8.97 
   9.47 
   9.99 
   7.91 
   0.93 
   0.28 
   0.20 
   0.22 
   0.31 
   0.22 
   0.34 
   0.33 
   0.34 
   3.30 
   3.30 
  34.75 
   3.48 
  34.75 
   3.49 
  24.96 
  24.97 
  25.27 
  24.95 
 3574.14
  36.76 
 200.69 
 200.99 
 201.02 
 222.23 
 126.80 
 126.78 
 126.76 
 150.29 
   5.13 
   5.13 
  34.26 
  57.32 
  47.30 
   5.15 
  24.94 
   6.20 
  23.35 
  23.43 
  93.59 
   5.98 
   3.66 
   7.21 
   3.85 
   4.25 
   1.43 
   8.53 
  10.96 
   4.97 
   1.28 
   0.63 
