  23.87 
  73.37 
  22.75 
  37.93 
  12.97 
  13.07 
  16.11 
  86.89 
  15.27 
  12.52 
  35.64 
  11.27 
  11.16 
  14.82 
  10.40 
   7.96 
   7.62 
  11.96 
  10.41 
  10.99 
   2.66 
   6.54 
   2.61 
   5.89 
   6.74 
   1.24 
   0.03 
   0.55 
   0.57 
 136.69 
  18.44 
  18.88 
  18.79 
  18.67 
  18.43 
  18.68 
   4.56 
   4.83 
   4.60 
   4.64 
   4.55 
   4.68 
   9.20 
  10.95 
  10.89 
   9.22 
  10.89 
  10.85 
   9.21 
   6.23 
   4.86 
   4.88 
  54.84 
  21.72 
  24.41 
  21.38 
  21.22 
  24.37 
  21.22 
   1.65 
  11.02 
  12.83 
  17.22 
  16.33 
  17.22 
  16.58 
  19.55 
  14.48 
  43.13 
  48.25 
  16.81 
   5.56 
  88.81 
  21.03 
  14.45 
  14.24 
  14.42 
 199.45 
  50.82 
   6.72 
  59.05 
  17.71 
   3.92 
  21.32 
   6.28 
  45.61 
  15.95 
  19.99 
  46.13 
   7.11 
  21.26 
   1.52 
   1.19 
   3.56 
   4.90 
  59.56 
  59.51 
   1.12 
  82.79 
  77.83 
  72.18 
   7.53 
   2.79 
  25.84 
   3.82 
   9.08 
  55.45 
 104.78 
 139.27 
  42.53 
  72.21 
  33.67 
 124.24 
  41.62 
  51.37 
  27.84 
  59.13 
  24.53 
  48.58 
  11.28 
  35.72 
  13.34 
  43.19 
   7.49 
  25.30 
   2.97 
  13.88 
   4.58 
  37.67 
  15.23 
  19.38 
   5.78 
   0.33 
  81.34 
  80.24 
 319.09 
 317.77 
 105.38 
 104.81 
   3.01 
   2.93 
 185.91 
 213.35 
 214.18 
 213.02 
  19.24 
  19.49 
  64.95 
  64.91 
  57.13 
  57.05 
  63.34 
  63.25 
  38.68 
  38.63 
  30.65 
  30.27 
  34.25 
  34.19 
  43.38 
  66.70 
  39.24 
  32.99 
  21.86 
  36.76 
  31.44 
  31.67 
  23.35 
  11.82 
   5.69 
   9.51 
   5.41 
   7.56 
   4.33 
   8.59 
   3.61 
   6.07 
   2.91 
   0.10 
  15.84 
   8.25 
  43.27 
  43.33 
  18.77 
  21.65 
  21.65 
  12.04 
  12.04 
  23.92 
  10.35 
   6.03 
   9.93 
   6.82 
   6.78 
 380.96 
  96.72 
 1266.28
 158.16 
 157.08 
 1320.40
 1555.47
 207.20 
 225.91 
 1383.08
  62.36 
   6.50 
   6.50 
  57.51 
   2.26 
   2.37 
   2.30 
   0.25 
   0.27 
   0.26 
  23.29 
  15.71 
   9.58 
  40.95 
  34.98 
  21.76 
   6.15 
 214.85 
  35.41 
  35.24 
  91.06 
  35.34 
  35.26 
  19.62 
  14.51 
  18.19 
   5.29 
   0.03 
  14.86 
   2.08 
   0.05 
  14.17 
   7.53 
  12.19 
  17.83 
  17.82 
  14.48 
  24.98 
 129.46 
   0.02 
  14.73 
   7.45 
  12.69 
  18.30 
  18.31 
  14.99 
  25.76 
 134.51 
  10.67 
  10.92 
  14.21 
  14.33 
  39.53 
  77.57 
 277.21 
 254.88 
  72.71 
  96.20 
  34.20 
  15.49 
  24.45 
  41.24 
  50.85 
 376.47 
 180.44 
  60.37 
  19.16 
  60.93 
  86.05 
  19.05 
 147.79 
 145.52 
 146.25 
 144.97 
   1.05 
   9.18 
  60.53 
  21.38 
   7.94 
  10.21 
  10.74 
  11.22 
   9.17 
  15.65 
  23.78 
  24.20 
  22.14 
   9.26 
  10.20 
  10.72 
   8.65 
   8.97 
   9.48 
   9.99 
   7.91 
   0.93 
   0.28 
   0.20 
   0.22 
   0.31 
   0.22 
   0.34 
   0.33 
   0.34 
   3.34 
   3.34 
  10.99 
   3.52 
  10.99 
   3.55 
  14.17 
  14.16 
  14.17 
  14.16 
 3551.13
  25.93 
 158.85 
 158.83 
 159.14 
 170.67 
 119.75 
 119.76 
 120.11 
 132.43 
   5.15 
   5.16 
  34.00 
  46.12 
  46.77 
   5.15 
  14.13 
   5.92 
  23.35 
  23.43 
  93.90 
   5.86 
   3.49 
   7.18 
   4.03 
   4.22 
   1.37 
   8.54 
  10.97 
   4.92 
   1.25 
   0.64 
